entre 
entre 
entre 
entre 
entre 
entre 
entre 
entre 
entre 
entre 
entre 
entre 
entre 
entre 
entre 
entre 
entre 
entre 
entre 
entre 
entre 
entre 
entre 
entre 
entre 
entre 
entre 
entre 
entre 
entre 
entre 
entre 
entre 
entre 
entre 
entre 
entre 
entre 
entre 
entre 
entre 
entre 
entre 
entre 
entre 
entre 
entre 
entre 
entre 
entre 
entre 
entre 
entre 
entre 
entre 
entre 
entre 
entre 
entre 
3
iteracion 0
clusters 
9,23,14
84,68,6
36,93,0
87,9,0
34,16,3
40,98,27
72,43,1
0,60,1
64,90,3
9
16 48 1 36 10 32 17
31 18 53 2 64 61 33 49 63
58 66 13 44 15 3 51 35 45
34 14 25 47 4 60 55 52
43 26 54 5 46 37 50 11 42 57
62 56 68 6 30
19 24 22 28 7 27 21
12 29 40 38 39 8 59 20 41
67 65 23 9
fin it 0
entre 
entre 
entre 
entre 
3
iteracion 1
clusters 
11,17,1
78,62,6
29,84,5
73,17,0
39,20,16
25,68,1
64,42,1
11,60,22
70,58,3
9
37 16 48 1 36 10 32 17
31 18 53 2 64 61 33 49 63
66 13 44 15 3 51 35 45
34 14 25 47 4 60 55 52
43 26 54 5 46 11 42 57 50
58 12 29 62 56 68 6 30
19 24 22 28 7 27 21
40 38 39 8 59 20 41
67 65 23 9
fin it 1
entre 
3
iteracion 2
clusters 
13,17,1
78,62,6
27,87,0
73,17,0
40,21,16
28,63,6
64,42,1
6,63,22
70,58,3
9
37 16 48 1 36 10 32 17
31 18 53 2 64 61 33 49 63
66 13 44 15 3 51 6 35 45
34 14 25 47 4 60 55 52
43 26 54 5 46 11 42 57 50
58 12 29 62 56 68 30
19 24 22 28 7 27 21
40 38 39 8 59 20 41
67 65 23 9
fin it 2
entre 
entre 
entre 
3
iteracion 3
clusters 
13,17,1
78,62,6
29,88,7
73,17,0
40,21,16
27,58,19
64,42,1
6,63,4
70,58,1
9
37 16 48 1 36 10 32 17
31 18 53 2 64 61 33 49 63
51 3 15 44 13 35 45 6
34 14 25 47 4 60 55 52
43 26 54 5 46 11 42 57 50
58 66 12 29 62 56
19 24 22 28 7 27 21
40 38 39 8 59 20 41 68
67 65 23 30 9
fin it 3
entre 
entre 
3
iteracion 4
clusters 
13,17,1
78,62,6
28,91,5
73,17,0
40,21,16
26,51,14
64,42,1
7,64,9
66,65,3
9
37 16 48 1 36 10 32 17
31 18 53 2 64 61 33 49 63
30 51 3 15 44 13 35 45 6
34 14 25 47 4 60 55 52
43 26 54 5 46 11 42 57 50
58 66 12 29 40 62 56
19 24 22 28 7 27 21
68 41 20 59 8 39 38
67 65 23 9
fin it 4
3
iteracion 5
clusters 
13,17,1
78,62,6
30,91,5
73,17,0
40,21,16
24,51,14
64,42,1
7,65,9
70,58,3
9
37 16 48 1 36 10 32 17
31 18 53 2 64 61 33 49 63
30 51 3 15 44 13 35 45 6
34 14 25 47 4 60 55 52
43 26 54 5 46 11 42 57 50
58 66 12 29 40 62 56
19 24 22 28 7 27 21
68 41 20 59 8 39 38
67 65 23 9
fin it 5
67 65 23 9
